"Name","Gender","Address","Interest","Hobbies","CreatedAt"
"ravi malaviya","male","sdgrsfdhdf","backend","playing,singing","2021-11-17 11:05 am"
"dzgsd; hgbso;fxhgd","male","askfdjhgdgf","frontend","playing,singing","2021-11-18 11:43 am"
"asdgsfdfd fdhgfdhgbfd","female","fhgdfhgfdt","backend","singing,reading","2021-11-18 11:44 am"
"xhgbfd xsdhgbfdgh","male","fgvbfgfd","frontend","playing,singing","2021-11-18 11:46 am"
"asrtf kjsgfd","male","asdkjfg","backend","singing","2021-11-18 12:52 pm"
"dsgsdgf lokgd","male","sdeliu","frontend","playing,singing","2021-11-18 12:53 pm"